    unsorted:	 348.3274733
      sorted:	 348.3274733
